Accuracy: 0.233
Classification Report:
              precision    recall  f1-score   support

           0       0.78      0.04      0.08      1056
           1       0.19      0.40      0.25       521
           2       0.33      0.47      0.39       504
           3       0.16      0.31      0.21       308
           4       0.34      0.36      0.35       243
           5       0.15      0.22      0.18       238
           6       0.12      0.20      0.15       204
           7       0.20      0.28      0.23       199
           8       0.14      0.11      0.13       177
           9       0.15      0.18      0.16       171
          10       0.28      0.48      0.35       159
          11       0.49      0.24      0.32       143
          12       0.88      0.05      0.10       129
          13       0.23      0.07      0.10       153
          14       0.17      0.12      0.14       129
          15       0.29      0.07      0.11       148
          16       0.13      0.08      0.10       137
          17       0.60      0.77      0.67       121
          18       0.29      0.24      0.26       129
          19       0.08      0.05      0.06       131

    accuracy                           0.23      5000
   macro avg       0.30      0.24      0.22      5000
weighted avg       0.37      0.23      0.21      5000